1.000000000000000000e+00 1.951322339278654117e-01 1.246305016734783749e-01
2.000000000000000000e+00 1.723330142694434741e-01 1.424920403774668776e-01
3.000000000000000000e+00 1.554928583962718047e-01 1.528776402992972905e-01
4.000000000000000000e+00 1.430376302650888110e-01 1.659111370803937058e-01
5.000000000000000000e+00 1.357643452393303973e-01 1.855129899565962914e-01
6.000000000000000000e+00 1.348905332012400315e-01 2.129239700710906791e-01
7.000000000000000000e+00 1.420365036564826822e-01 2.474604096652605612e-01
8.000000000000000000e+00 1.592546884207667324e-01 2.855769166575148343e-01
9.000000000000000000e+00 1.890332107974002085e-01 3.191138329142841901e-01
1.000000000000000000e+01 2.340599302410704963e-01 3.349023247902345735e-01
1.100000000000000000e+01 2.961062405123642827e-01 3.189684253232793476e-01
1.200000000000000000e+01 3.724604055808561909e-01 2.651697534688591262e-01
1.300000000000000000e+01 4.494355383326381070e-01 1.832135525628799666e-01
1.400000000000000000e+01 5.007546376246680975e-01 9.970820405881340720e-02
1.500000000000000000e+01 5.019098025427161103e-01 4.227465305732099748e-02
1.600000000000000000e+01 4.461001229388107392e-01 1.556548321736152089e-02
1.700000000000000000e+01 3.426440954154486018e-01 6.315571358281037509e-03
1.800000000000000000e+01 2.149626638498744746e-01 3.726679141904358158e-03
1.900000000000000000e+01 1.029431880431850299e-01 3.766238326807484164e-03
2.000000000000000000e+01 3.740191916426029162e-02 5.798865301772571611e-03
2.100000000000000000e+01 1.129485522200688978e-02 9.998145735134101111e-03
2.200000000000000000e+01 3.168115003206528352e-03 1.593774742539535300e-02
2.300000000000000000e+01 8.864791228315569045e-04 2.329603734415049490e-02
2.400000000000000000e+01 2.742124474088356977e-04 3.271591366286082103e-02
2.500000000000000000e+01 1.499757683240243841e-04 4.580823876504352965e-02
2.600000000000000000e+01 2.354643573469565848e-04 6.553875142768991746e-02
2.700000000000000000e+01 5.665116723887609999e-04 9.747341060769834642e-02
2.800000000000000000e+01 1.354865544974755229e-03 1.521239370284387382e-01
2.900000000000000000e+01 2.894649726328872921e-03 2.478348279146480593e-01
3.000000000000000000e+01 5.432805548757100277e-03 4.070201233997813861e-01
3.100000000000000000e+01 9.195112003493981223e-03 6.220585974802059770e-01
3.200000000000000000e+01 1.463328489058116078e-02 8.136682101682440882e-01
3.300000000000000000e+01 2.273766729862305297e-02 9.180092719710258864e-01
3.400000000000000000e+01 3.541044561426211212e-02 9.563008374711600146e-01
3.500000000000000000e+01 5.599821149908339180e-02 9.634620026741715915e-01
3.600000000000000000e+01 8.992741396474646098e-02 9.554884557999022698e-01
3.700000000000000000e+01 1.448811079153568548e-01 9.356536406910189729e-01
3.800000000000000000e+01 2.289768819322788307e-01 9.006114980041531881e-01
3.900000000000000000e+01 3.450308888287670905e-01 8.428308762498817330e-01
4.000000000000000000e+01 4.828573224847108047e-01 7.526671775801441200e-01
4.100000000000000000e+01 6.193360326690732220e-01 6.234265562648608761e-01
4.200000000000000000e+01 7.314437905365303028e-01 4.611973764494493588e-01
4.300000000000000000e+01 8.082495969723142437e-01 2.932568208206572935e-01
4.400000000000000000e+01 8.500881919617705451e-01 1.575372293248822331e-01
4.500000000000000000e+01 8.612571704546102547e-01 7.291547566593022112e-02
4.600000000000000000e+01 8.444902113065825278e-01 3.020740879186293790e-02
4.700000000000000000e+01 7.989107111842370657e-01 1.159414089137205013e-02
4.800000000000000000e+01 7.207878520071586692e-01 4.235636752149487746e-03
4.900000000000000000e+01 6.073780680458965575e-01 1.505290264886537241e-03
5.000000000000000000e+01 4.643062447908827828e-01 5.316794995684570937e-04
5.100000000000000000e+01 3.122679157726224730e-01 1.922122656563321464e-04
5.200000000000000000e+01 1.815244745348537914e-01 7.634049094495469728e-05
5.300000000000000000e+01 9.201073708004746388e-02 4.364214921794922180e-05
5.400000000000000000e+01 4.204048562781009801e-02 5.960554129224893442e-05
5.500000000000000000e+01 1.807257595927587446e-02 1.514246456269208413e-04
5.600000000000000000e+01 7.606393227933421625e-03 4.115634166332103974e-04
5.700000000000000000e+01 3.245838070809629015e-03 9.873860875298959110e-04
5.800000000000000000e+01 1.462974046570064343e-03 2.026029420378269892e-03
5.900000000000000000e+01 7.582733785785393489e-04 3.663623011043536711e-03
6.000000000000000000e+01 5.612474690884931621e-04 6.122471836952012025e-03
6.100000000000000000e+01 7.478316195838675181e-04 9.859784274957789085e-03
6.200000000000000000e+01 1.480360549626889800e-03 1.577526519014544465e-02
6.300000000000000000e+01 3.145956277543486557e-03 2.559495006465182035e-02
6.400000000000000000e+01 6.256321597404321776e-03 4.264709892487400511e-02
6.500000000000000000e+01 1.137896270441038880e-02 7.331766226822444832e-02
6.600000000000000000e+01 1.929367797356891512e-02 1.289190625066526374e-01
6.700000000000000000e+01 3.138418615988403104e-02 2.247464015930505932e-01
6.800000000000000000e+01 5.013460846242340924e-02 3.685598151625241736e-01
6.900000000000000000e+01 7.960594945394117161e-02 5.403191881724933587e-01
7.000000000000000000e+01 1.255725234340389074e-01 6.960235605859012020e-01
7.100000000000000000e+01 1.944623401183026568e-01 8.052406774927186595e-01
7.200000000000000000e+01 2.899239973259067904e-01 8.659724855104202756e-01
7.300000000000000000e+01 4.075146981392449574e-01 8.879019045297074086e-01
7.400000000000000000e+01 5.323552668623376949e-01 8.781672826809713284e-01
7.500000000000000000e+01 6.448940375629239607e-01 8.366175814310973236e-01
7.600000000000000000e+01 7.302825816528666358e-01 7.555447118552698349e-01
7.700000000000000000e+01 7.820151979024675404e-01 6.245003328739140436e-01
7.800000000000000000e+01 7.990055022721375133e-01 4.468748292721375082e-01
7.900000000000000000e+01 7.812130133340778881e-01 2.610503215223223816e-01
8.000000000000000000e+01 7.274607032206207302e-01 1.225382278895509186e-01
8.100000000000000000e+01 6.368185763568500191e-01 4.882128568190433060e-02
8.200000000000000000e+01 5.136639650418762804e-01 1.786881118715839128e-02
8.300000000000000000e+01 3.734490803312842111e-01 6.363823051876401835e-03
8.400000000000000000e+01 2.412803764489447333e-01 2.288025994102885468e-03
8.500000000000000000e+01 1.389788051307602468e-01 8.546945233142996898e-04
8.600000000000000000e+01 7.283809630333568097e-02 3.453810586258166228e-04
8.700000000000000000e+01 3.574327448335350155e-02 1.693739960975612386e-04
8.800000000000000000e+01 1.691295100342024224e-02 1.442017235202064721e-04
8.900000000000000000e+01 7.936305201197511178e-03 2.792497769566830413e-04
9.000000000000000000e+01 3.804590741158898632e-03 7.573767396843388792e-04
9.100000000000000000e+01 1.943483189643632801e-03 1.903993707998221556e-03
9.200000000000000000e+01 1.154449712962812369e-03 4.022767168207568543e-03
9.300000000000000000e+01 9.586592161590114236e-04 7.385501166931537215e-03
9.400000000000000000e+01 1.288375196300607954e-03 1.253078170895995623e-02
9.500000000000000000e+01 2.362666918585619273e-03 2.065508264634579455e-02
9.600000000000000000e+01 4.591685677699625448e-03 3.418281498329241858e-02
9.700000000000000000e+01 8.476457517497010263e-03 5.786386756461918413e-02
9.800000000000000000e+01 1.464951140053472912e-02 1.006047272673769311e-01
9.900000000000000000e+01 2.414844186365129250e-02 1.766051879738330388e-01
1.000000000000000000e+02 3.884793686297080550e-02 2.996240480121900585e-01
1.010000000000000000e+02 6.195969356547349760e-02 4.641591332642065471e-01
1.020000000000000000e+02 9.843536301385270859e-02 6.330532645012592052e-01
1.030000000000000000e+02 1.547104058033829110e-01 7.650207724581985502e-01
1.040000000000000000e+02 2.366248751753945445e-01 8.467149906812757587e-01
1.050000000000000000e+02 3.446885029285163826e-01 8.854493407203420929e-01
1.060000000000000000e+02 4.691564675854126842e-01 8.909004589161528820e-01
1.070000000000000000e+02 5.913576156758872937e-01 8.668472116143616235e-01
1.080000000000000000e+02 6.927339193553418983e-01 8.093301957508282074e-01
1.090000000000000000e+02 7.625039526348282859e-01 7.080467620321012623e-01
1.100000000000000000e+02 7.975744987698004662e-01 5.552312768706839652e-01
1.110000000000000000e+02 7.980867736839767357e-01 3.671667064181248774e-01
1.120000000000000000e+02 7.636933129672038856e-01 1.952767891493104591e-01
1.130000000000000000e+02 6.929223811299380920e-01 8.476663840737289068e-02
1.140000000000000000e+02 5.863530645989850631e-01 3.232218246511872617e-02
1.150000000000000000e+02 4.527111006623065759e-01 1.163513344180378342e-02
1.160000000000000000e+02 3.126003606672832502e-01 4.144414010746264899e-03
1.170000000000000000e+02 1.916544612307987949e-01 1.506918266606339322e-03
1.180000000000000000e+02 1.055432720654013862e-01 5.758116821723941684e-04
1.190000000000000000e+02 5.353920464054074541e-02 2.441981219492283259e-04
1.200000000000000000e+02 2.576688616367967324e-02 1.380746793543160948e-04
1.210000000000000000e+02 1.210702085214841218e-02 1.611160084664385356e-04
1.220000000000000000e+02 5.711619054010413574e-03 3.828885837746135129e-04
1.230000000000000000e+02 2.795980100461692777e-03 1.045298210801107099e-03
1.240000000000000000e+02 1.501366115695768576e-03 2.483391812446404147e-03
1.250000000000000000e+02 1.002985201482378599e-03 4.969774339851865987e-03
1.260000000000000000e+02 1.025280850887680135e-03 8.826788577186772677e-03
1.270000000000000000e+02 1.636046950680596253e-03 1.477265437101928612e-02
1.280000000000000000e+02 3.151233296287506060e-03 2.434306691094099279e-02
1.290000000000000000e+02 6.029606981166617426e-03 4.060202466055374410e-02
1.300000000000000000e+02 1.081126213224852667e-02 6.950643061993169725e-02
1.310000000000000000e+02 1.825914822641085816e-02 1.218472518575199337e-01
1.320000000000000000e+02 2.971418736295044702e-02 2.130218026412342980e-01
1.330000000000000000e+02 4.756714838279679780e-02 3.528452391880080863e-01
1.340000000000000000e+02 7.575167120715389779e-02 5.245706686763913495e-01
1.350000000000000000e+02 1.199672697285674022e-01 6.844816427941906589e-01
1.360000000000000000e+02 1.868019444956260378e-01 7.991943585857076426e-01
1.370000000000000000e+02 2.804970809482215666e-01 8.648645071091944914e-01
1.380000000000000000e+02 3.975197757675447696e-01 8.912923852991325724e-01
1.390000000000000000e+02 5.235399339906419147e-01 8.866001282151427798e-01
1.400000000000000000e+02 6.386381181231378656e-01 8.519186737570051404e-01
1.410000000000000000e+02 7.271201802979454509e-01 7.806711709847704572e-01
1.420000000000000000e+02 7.819387503520742744e-01 6.617021389085018246e-01
1.430000000000000000e+02 8.019903737864990667e-01 4.926176559553497869e-01
1.440000000000000000e+02 7.875079727577707356e-01 3.028461021475959969e-01
1.450000000000000000e+02 7.375196632833778132e-01 1.491144828683664270e-01
1.460000000000000000e+02 6.508300542991984905e-01 6.124312053912583931e-02
1.470000000000000000e+02 5.307540667288707104e-01 2.272209884786132242e-02
1.480000000000000000e+02 3.911740065413074063e-01 8.111353938373403252e-03
1.490000000000000000e+02 2.564768178710582491e-01 2.899762225718178696e-03
1.500000000000000000e+02 1.497211467872587853e-01 1.068109586674377727e-03
1.510000000000000000e+02 7.928029726079145745e-02 4.189129174422519058e-04
1.520000000000000000e+02 3.916398314095621835e-02 1.892555828664937208e-04
1.530000000000000000e+02 1.858803159151805467e-02 1.293285472284854863e-04
1.540000000000000000e+02 8.717529676606270914e-03 2.021856344663363106e-04
1.550000000000000000e+02 4.159068047124781647e-03 5.341332921702274684e-04
1.560000000000000000e+02 2.099514016452185775e-03 1.414837533400373736e-03
1.570000000000000000e+02 1.212714265421382725e-03 3.167313683116403881e-03
1.580000000000000000e+02 9.516227848215298712e-04 6.051176597794666323e-03
1.590000000000000000e+02 1.204673607092488982e-03 1.048389282518035100e-02
1.600000000000000000e+02 2.158239034287221230e-03 1.741079755965076886e-02
1.610000000000000000e+02 4.204285686228298458e-03 2.878984136273340239e-02
1.620000000000000000e+02 7.835304459686826331e-03 4.849331252649942414e-02
1.630000000000000000e+02 1.365603914772315838e-02 8.395332981644008929e-02
1.640000000000000000e+02 2.262743902116563788e-02 1.479251334984152955e-01
1.650000000000000000e+02 3.648358698536410122e-02 2.558633763799821326e-01
1.660000000000000000e+02 5.822822946973042757e-02 4.107412389031467881e-01
1.670000000000000000e+02 9.257091838488398783e-02 5.840125513882995500e-01
1.680000000000000000e+02 1.458146057383525873e-01 7.305787895281917743e-01
1.690000000000000000e+02 2.240977196475658073e-01 8.276052681584022963e-01
1.700000000000000000e+02 3.289800041868184421e-01 8.784653211846468190e-01
1.710000000000000000e+02 4.522117237231388920e-01 8.935442600210931063e-01
1.720000000000000000e+02 5.758987950988766480e-01 8.788047995641091736e-01
1.730000000000000000e+02 6.808796402171320983e-01 8.326235571603979313e-01
1.740000000000000000e+02 7.551718727552539923e-01 7.460865593037432353e-01
1.750000000000000000e+02 7.948779794059657178e-01 6.087269846859446609e-01
1.760000000000000000e+02 7.999734125616205782e-01 4.267295639700058874e-01
1.770000000000000000e+02 7.702922499695089575e-01 2.427441663202058453e-01
1.780000000000000000e+02 7.044169035018813529e-01 1.112073634185879040e-01
1.790000000000000000e+02 6.023406273547855516e-01 4.366930532050334463e-02
1.800000000000000000e+02 4.713541899751255704e-01 1.588801167254921126e-02
1.810000000000000000e+02 3.305903368827748379e-01 5.651846080947902327e-03
1.820000000000000000e+02 2.058451350002839519e-01 2.034650495372887936e-03
1.830000000000000000e+02 1.148313604807458116e-01 7.619990502521580868e-04
1.840000000000000000e+02 5.878303600258269479e-02 3.091557304834662815e-04
1.850000000000000000e+02 2.843611770149469600e-02 1.530810725031433615e-04
1.860000000000000000e+02 1.337989047148965133e-02 1.343210322591220131e-04
1.870000000000000000e+02 6.297028339355461787e-03 2.700423924893110856e-04
1.880000000000000000e+02 3.059949016536864068e-03 7.447995310823173195e-04
1.890000000000000000e+02 1.615245472469434848e-03 1.879417935349211692e-03
1.900000000000000000e+02 1.037108670061173991e-03 3.970962768722379778e-03
1.910000000000000000e+02 9.936256451105517171e-04 7.296493831738812622e-03
1.920000000000000000e+02 1.513465668790963444e-03 1.241287797125066594e-02
1.930000000000000000e+02 2.885165203585813437e-03 2.054771841940068386e-02
1.940000000000000000e+02 5.554781533095572849e-03 3.418766996111462231e-02
1.950000000000000000e+02 1.004884308319752353e-02 5.821791908330914422e-02
1.960000000000000000e+02 1.708378718888190623e-02 1.018037471400123906e-01
1.970000000000000000e+02 2.789808371681030269e-02 1.794601987498536666e-01
1.980000000000000000e+02 4.471350814913151173e-02 3.048468887975422925e-01
1.990000000000000000e+02 7.123433612274682192e-02 4.712731857345074382e-01
2.000000000000000000e+02 1.129394777440893560e-01 6.401260605984356866e-01
2.010000000000000000e+02 1.764226912023817151e-01 7.704842925263041264e-01
2.020000000000000000e+02 2.665257396189030237e-01 8.503988158334350178e-01
2.030000000000000000e+02 3.810505024789444528e-01 8.877984512704071296e-01
2.040000000000000000e+02 5.070032677391874687e-01 8.922777590085224642e-01
2.050000000000000000e+02 6.246326109564770412e-01 8.672882734561421225e-01
2.060000000000000000e+02 7.172397550689160184e-01 8.084556801966067408e-01
2.070000000000000000e+02 7.766725757559259646e-01 7.051197772838012634e-01
2.080000000000000000e+02 8.013158264538846609e-01 5.497442826380123382e-01
2.090000000000000000e+02 7.914390475498815913e-01 3.601120208141721513e-01
2.100000000000000000e+02 7.462594029446764088e-01 1.892635338676356971e-01
2.110000000000000000e+02 6.644153888975060651e-01 8.134919326685317864e-02
2.120000000000000000e+02 5.482490952341488866e-01 3.085338924844510666e-02
2.130000000000000000e+02 4.100108977296576529e-01 1.108066918268540285e-02
2.140000000000000000e+02 2.731352210853290607e-01 3.944221416650974497e-03
2.150000000000000000e+02 1.617961834656841680e-01 1.434404844498451004e-03
2.160000000000000000e+02 8.665260150248729754e-02 5.485632888020341123e-04
2.170000000000000000e+02 4.312263938505453420e-02 2.329345491841906530e-04
2.180000000000000000e+02 2.053862666164468775e-02 1.319415268883229590e-04
2.190000000000000000e+02 9.630431878771704771e-03 1.552349647216702230e-04
2.200000000000000000e+02 4.574926243675787006e-03 3.737970706177203158e-04
2.210000000000000000e+02 2.284987551626777719e-03 1.028082854972334073e-03
2.220000000000000000e+02 1.287338590478240155e-03 2.448302140640751939e-03
2.230000000000000000e+02 9.580040555837437011e-04 4.906095194898789889e-03
2.240000000000000000e+02 1.138503222476326118e-03 8.735555784638186771e-03
2.250000000000000000e+02 1.980749748761119911e-03 1.467827868063387685e-02
2.260000000000000000e+02 3.855854015738808833e-03 2.431216952880089002e-02
2.270000000000000000e+02 7.246711108179548951e-03 4.078921326025066602e-02
2.280000000000000000e+02 1.273404498164474805e-02 7.024845022441839060e-02
2.290000000000000000e+02 2.120995366382076933e-02 1.237847715020434364e-01
2.300000000000000000e+02 3.427795460046122178e-02 2.170317924666793630e-01
2.310000000000000000e+02 5.474379253599030021e-02 3.593217327900517510e-01
2.320000000000000000e+02 8.707628817734111570e-02 5.323346130808215282e-01
2.330000000000000000e+02 1.374177873163651420e-01 6.913788650453654983e-01
2.340000000000000000e+02 2.121236004405087083e-01 8.041457282096865500e-01
2.350000000000000000e+02 3.136949208434183234e-01 8.680603863344182880e-01
2.360000000000000000e+02 4.353658889434706136e-01 8.932200664475431484e-01
2.370000000000000000e+02 5.601797685145415429e-01 8.875262442528457640e-01
2.380000000000000000e+02 6.685386358325978717e-01 8.517301621241797349e-01
2.390000000000000000e+02 7.472761844989358471e-01 7.788364952612353287e-01
2.400000000000000000e+02 7.916118166209941132e-01 6.574826280996560746e-01
2.410000000000000000e+02 8.012818925244086232e-01 4.859610112151346306e-01
2.420000000000000000e+02 7.762808187814869143e-01 2.955574196720873736e-01
2.430000000000000000e+02 7.152913301115035871e-01 1.438349304160486952e-01
2.440000000000000000e+02 6.178294715172822915e-01 5.860021846327107681e-02
2.450000000000000000e+02 4.898439031057679749e-01 2.165898395116879621e-02
2.460000000000000000e+02 3.489053416642413641e-01 7.721167740382273853e-03
2.470000000000000000e+02 2.206815093404046191e-01 2.760030371355007631e-03
2.480000000000000000e+02 1.247670009226908711e-01 1.017316520915511778e-03
2.490000000000000000e+02 6.448885184775184076e-02 3.995204151038621960e-04
2.500000000000000000e+02 3.137352140461899946e-02 1.808342163836958974e-04
2.510000000000000000e+02 1.478997686443494879e-02 1.241056677775433093e-04
2.520000000000000000e+02 6.947670164341890331e-03 1.964060231687230873e-04
2.530000000000000000e+02 3.353954430881563205e-03 5.247412583855684846e-04
2.540000000000000000e+02 1.743453630729986962e-03 1.396416349233159035e-03
2.550000000000000000e+02 1.079944330279206544e-03 3.130088425022927497e-03
2.560000000000000000e+02 9.712116251811557955e-04 5.989186778708677911e-03
2.570000000000000000e+02 1.405229517577837386e-03 1.040830353255467293e-02
2.580000000000000000e+02 2.641300478402212881e-03 1.736303297250171504e-02
2.590000000000000000e+02 5.111120184016658928e-03 2.886821573584017961e-02
2.600000000000000000e+02 9.329545755278858404e-03 4.891323122533114409e-02
2.610000000000000000e+02 1.597254215795192861e-02 8.515427827887896151e-02
2.620000000000000000e+02 2.618433841429342046e-02 1.506549969322596716e-01
2.630000000000000000e+02 4.202674691248572958e-02 2.609215191678068146e-01
2.640000000000000000e+02 6.698078160453231622e-02 4.180082693032361463e-01
2.650000000000000000e+02 1.062950609885364994e-01 5.917277445412048031e-01
2.660000000000000000e+02 1.665195476923526929e-01 7.367930286253643324e-01
2.670000000000000000e+02 2.529974636392321452e-01 8.318121511916021227e-01
2.680000000000000000e+02 3.647876080113450770e-01 8.810683610131645471e-01
2.690000000000000000e+02 4.903069371596309178e-01 8.949771238629633530e-01
2.700000000000000000e+02 6.101648649778761424e-01 8.791931360271889595e-01
2.710000000000000000e+02 7.067592799058844966e-01 8.316904278579193566e-01
2.720000000000000000e+02 7.707881266759017969e-01 7.431841855803508201e-01
2.730000000000000000e+02 8.000350908450318821e-01 6.032620503016672409e-01
2.740000000000000000e+02 7.947519961262726751e-01 4.192992054785986134e-01
2.750000000000000000e+02 7.543525743441333864e-01 2.357966234571773345e-01
2.760000000000000000e+02 6.773868317544399220e-01 1.068903599618437616e-01
2.770000000000000000e+02 5.653440230097019903e-01 4.172162697445554180e-02
2.780000000000000000e+02 4.288786649266547180e-01 1.514177625677415664e-02
2.790000000000000000e+02 2.902757001191213493e-01 5.383248543048300971e-03
2.800000000000000000e+02 1.745409175789375267e-01 1.938761009131079356e-03
2.810000000000000000e+02 9.459449376858435066e-02 7.269084551765788967e-04
2.820000000000000000e+02 4.744911940340064416e-02 2.954728997231984163e-04
2.830000000000000000e+02 2.268994037087983251e-02 1.467517949836134492e-04
2.840000000000000000e+02 1.064227612509387189e-02 1.298391349486657418e-04
2.850000000000000000e+02 5.036905088040133718e-03 2.646221424244947799e-04
2.860000000000000000e+02 2.491733839035267795e-03 7.357502212860108585e-04
2.870000000000000000e+02 1.372800804059474359e-03 1.860863012646944183e-03
2.880000000000000000e+02 9.726150409520213126e-04 3.934673455659959927e-03
2.890000000000000000e+02 1.083284634406102851e-03 7.243687123222351115e-03
2.900000000000000000e+02 1.820825700949333607e-03 1.236763959369400687e-02
2.910000000000000000e+02 3.533428040411414148e-03 2.057382283630091596e-02
2.920000000000000000e+02 6.693902007042579899e-03 3.442527450364267494e-02
2.930000000000000000e+02 1.186282803527428237e-02 5.895874376473826672e-02
2.940000000000000000e+02 1.987065480548947521e-02 1.035997545486616322e-01
2.950000000000000000e+02 3.219908032559794242e-02 1.831259060366864089e-01
2.960000000000000000e+02 5.146445181948029052e-02 3.109569283207466728e-01
2.970000000000000000e+02 8.189646261318075937e-02 4.790712980798857989e-01
2.980000000000000000e+02 1.294531033147361121e-01 6.474947200852718687e-01
2.990000000000000000e+02 2.006337072541266031e-01 7.759379789179320364e-01
3.000000000000000000e+02 2.987758828549419987e-01 8.539053443818792610e-01
3.010000000000000000e+02 4.185730332089467876e-01 8.898453641333171626e-01
3.020000000000000000e+02 5.441522666917933959e-01 8.931980784058116685e-01
3.030000000000000000e+02 6.556556094609559127e-01 8.670529987776744996e-01
3.040000000000000000e+02 7.387631302980723902e-01 8.066324509953317623e-01
3.050000000000000000e+02 7.877330913211622043e-01 7.010167744155750835e-01
3.060000000000000000e+02 8.019827941486983303e-01 5.430986503658824516e-01
3.070000000000000000e+02 7.816377075194901325e-01 3.522951383225670363e-01
3.080000000000000000e+02 7.255186390794335916e-01 1.830264429561688777e-01
3.090000000000000000e+02 6.327683642504473571e-01 7.797882079057488758e-02
3.100000000000000000e+02 5.080991394806183559e-01 2.945127729316526430e-02
3.110000000000000000e+02 3.674634642753889513e-01 1.056231587574316642e-02
3.120000000000000000e+02 2.361233490032818017e-01 3.760005376793415337e-03
3.130000000000000000e+02 1.353548842691235377e-01 1.368628903528534098e-03
3.140000000000000000e+02 7.067865640716392006e-02 5.242732587310131899e-04
3.150000000000000000e+02 3.459853773177187092e-02 2.232136199401614268e-04
3.160000000000000000e+02 1.634925795375364449e-02 1.271149801328630576e-04
3.170000000000000000e+02 7.669739410210132426e-03 1.514708832559982191e-04
3.180000000000000000e+02 3.680874883677323801e-03 3.692101103258422904e-04
3.190000000000000000e+02 1.887166375599529577e-03 1.020243339074835588e-03
3.200000000000000000e+02 1.131741225180894457e-03 2.431268782489368757e-03
3.210000000000000000e+02 9.576410551999959024e-04 4.875330194842016421e-03
3.220000000000000000e+02 1.310460638888491644e-03 8.702009626634166564e-03
3.230000000000000000e+02 2.418565949186289154e-03 1.468257901675486254e-02
3.240000000000000000e+02 4.697439193794509388e-03 2.444739926213261236e-02
3.250000000000000000e+02 8.651550046053984450e-03 4.124948417954027446e-02
3.260000000000000000e+02 1.492198821820344898e-02 7.141674929222965873e-02
3.270000000000000000e+02 2.456676266071336490e-02 1.263222509445596498e-01
3.280000000000000000e+02 3.949676082517299819e-02 2.217413816780036129e-01
3.290000000000000000e+02 6.297671541520984129e-02 3.663810585836441147e-01
3.300000000000000000e+02 1.000185807585629583e-01 5.403308936555987207e-01
3.310000000000000000e+02 1.570856559287460708e-01 6.981614148360487659e-01
3.320000000000000000e+02 2.399285286327409172e-01 8.088170635721195767e-01
3.330000000000000000e+02 3.487743081747144980e-01 8.709104205680637811e-01
3.340000000000000000e+02 4.735005191029169058e-01 8.947242131240094043e-01
3.350000000000000000e+02 5.952661405529335870e-01 8.878857354556105586e-01
3.360000000000000000e+02 6.956880647747486490e-01 8.507548143777665661e-01
3.370000000000000000e+02 7.642838668392447632e-01 7.759647173533413822e-01
3.380000000000000000e+02 7.981467632486857200e-01 6.520928226583699860e-01
3.390000000000000000e+02 7.974495586926049207e-01 4.783238139618671836e-01
3.400000000000000000e+02 7.618010829072516810e-01 2.878031573995470382e-01
3.410000000000000000e+02 6.897313728503410291e-01 1.385431083612257419e-01
3.420000000000000000e+02 5.819959917852689513e-01 5.606487236010130465e-02
3.430000000000000000e+02 4.477116704234802569e-01 2.066653711861031820e-02
3.440000000000000000e+02 3.078488037876319638e-01 7.363694741567389582e-03
3.450000000000000000e+02 1.879502087711633629e-01 2.633920953332465585e-03
3.460000000000000000e+02 1.031298759619331817e-01 9.721791861636972952e-04
3.470000000000000000e+02 5.217028561983833718e-02 3.826676359308962133e-04
3.480000000000000000e+02 2.506054205929278411e-02 1.738943460349434147e-04
3.490000000000000000e+02 1.176336680436666088e-02 1.204648942422261706e-04
3.500000000000000000e+02 5.550067153253388820e-03 1.936047570528827292e-04
3.510000000000000000e+02 2.722033714139806757e-03 5.218050319932887376e-04
3.520000000000000000e+02 1.469963763608734967e-03 1.391097146452721471e-03
3.530000000000000000e+02 9.954834316547082028e-04 3.117392605104091913e-03
3.540000000000000000e+02 1.038421159668321408e-03 5.970798347315022479e-03
3.550000000000000000e+02 1.677468465583732693e-03 1.040777123238560004e-02
3.560000000000000000e+02 3.235876164858285820e-03 1.744231996574984594e-02
3.570000000000000000e+02 6.175454410002204422e-03 2.915856662899529717e-02
3.580000000000000000e+02 1.103992613131729583e-02 4.967647312987990421e-02
3.590000000000000000e+02 1.860498261550629084e-02 8.687616150724536412e-02
3.600000000000000000e+02 3.023911550400374196e-02 1.540816725883777938e-01
3.610000000000000000e+02 4.837811863041553001e-02 2.667246612306486964e-01
3.620000000000000000e+02 7.701586825213629917e-02 4.258072115623519061e-01
3.630000000000000000e+02 1.219071017608498453e-01 5.995768030968937623e-01
3.640000000000000000e+02 1.896294741043990095e-01 7.428370855284707197e-01
3.650000000000000000e+02 2.842517603897681822e-01 8.357197816593288087e-01
3.660000000000000000e+02 4.018827667982126095e-01 8.832984917001155400e-01
3.670000000000000000e+02 5.278599820865648162e-01 8.959275284008261231e-01
3.680000000000000000e+02 6.422515525969061390e-01 8.789138109898501083e-01
3.690000000000000000e+02 7.296357396812955809e-01 8.298333704306927183e-01
3.700000000000000000e+02 7.832393178121985766e-01 7.391122064212335419e-01
3.710000000000000000e+02 8.020764753990270446e-01 5.965828842886623518e-01
3.720000000000000000e+02 7.863663988734851396e-01 4.109926834196075962e-01
3.730000000000000000e+02 7.350962860873441196e-01 2.285449378936520171e-01
3.740000000000000000e+02 6.471323653366219952e-01 1.026245137295772047e-01
3.750000000000000000e+02 5.260639007715962601e-01 3.986792691805644828e-02
3.760000000000000000e+02 3.862002140300481168e-01 1.444810133689950968e-02
3.770000000000000000e+02 2.521394465182371092e-01 5.137927771028545296e-03
3.780000000000000000e+02 1.466058896852916738e-01 1.852524145135972826e-03
3.790000000000000000e+02 7.738003648767251275e-02 6.959218165635486101e-04
3.800000000000000000e+02 3.813489249680242915e-02 2.837707535041596499e-04
3.810000000000000000e+02 1.807239073542432281e-02 1.418327155073464529e-04
3.820000000000000000e+02 8.470891616459752527e-03 1.273325192222921347e-04
3.830000000000000000e+02 4.044330964626441718e-03 2.633593410991571225e-04
3.840000000000000000e+02 2.047935864490209746e-03 7.356859904827575810e-04
3.850000000000000000e+02 1.192958387539291062e-03 1.860022127694266423e-03
3.860000000000000000e+02 9.526504456676249642e-04 3.930737648666763652e-03
3.870000000000000000e+02 1.228350445125646426e-03 7.247331262660726588e-03
3.880000000000000000e+02 2.215884307919362747e-03 1.241850921255799670e-02
3.890000000000000000e+02 4.312537411172680940e-03 2.076148941239380069e-02
3.900000000000000000e+02 8.013095362938990954e-03 3.492997174076462041e-02
3.910000000000000000e+02 1.392888847226212215e-02 6.012427783989057056e-02
3.920000000000000000e+02 2.303951033370789728e-02 1.060177265497357080e-01
3.930000000000000000e+02 3.711391911093545742e-02 1.875731007089715685e-01
3.940000000000000000e+02 5.920823052466175906e-02 3.178177433337618374e-01
3.950000000000000000e+02 9.409425197620886749e-02 4.873081664854871931e-01
3.960000000000000000e+02 1.481120887840876310e-01 6.548923381271865019e-01
3.970000000000000000e+02 2.273313865004928658e-01 7.811723649129178604e-01
3.980000000000000000e+02 3.330509306275145076e-01 8.570859984432732670e-01
3.990000000000000000e+02 4.566345219165494074e-01 8.914760687066560774e-01
4.000000000000000000e+02 5.799709545599015525e-01 8.935561585564202325e-01
